1 0
2 0.324492
3 0.324492
4 0.324492
5 0.441016
6 0.476094
7 0.507812
8 0.520156
9 0.520156
10 0.537344
11 0.537344
12 0.548086
13 0.548086
14 0.558281
15 0.558281
16 0.569727
17 0.569727
18 0.569727
19 0.586016
20 0.586016
21 0.516992
22 0.516992
23 0.516992
24 0.521445
25 0.521445
26 0.521445
27 0.549141
28 0.549141
29 0.549141
30 0.600703
31 0.600703
32 0.600703
33 0.685469
34 0.685469
35 0.685469
36 0.756172
37 0.756172
38 0.756172
39 0.880156
40 0.880156
41 0.880156
42 0.922461
43 0.922461
44 0.922461
45 0.977187
46 0.977187
47 0.977187
48 1.02297
49 1.02297
50 1.02297
51 1.06145
52 1.06145
53 1.06145
54 1.1198
55 1.1198
56 1.16336
57 1.16336
58 1.21277
59 1.21277
60 1.24426
61 1.24426
62 1.25434
63 1.25434
64 1.23852
65 1.23852
66 1.27465
67 1.27465
68 1.29105
69 1.29105
70 1.29105
71 1.32574
72 1.32574
73 1.3527
74 1.3527
75 1.37121
76 1.37121
77 1.40773
78 1.40773
79 1.44723
80 1.44723
81 1.4677
82 1.4677
83 1.50137
84 1.50137
85 1.52648
86 1.52648
87 1.56414
88 1.56414
89 1.59703
90 1.59703
91 1.6598
92 1.6598
93 1.69465
94 1.69465
95 1.73848
96 1.73848
97 1.73848
98 1.79332
99 1.79332
100 1.81707
101 1.81707
102 1.85059
103 1.85059
104 1.895
105 1.895
106 1.96316
107 1.96316
108 1.96316
109 2.02031
110 2.02031
111 2.02031
112 2.09918
113 2.09918
114 2.11691
115 2.11691
116 2.14531
117 2.14531
118 2.17535
119 2.17535
120 2.17535
121 2.19949
122 2.19949
123 2.19949
124 2.2443
125 2.2443
126 2.28477
127 2.28477
128 2.3391
129 2.3391
130 2.37656
131 2.37656
132 2.41652
133 2.41652
134 2.43641
135 2.43641
136 2.48996
137 2.48996
138 2.53172
139 2.53172
140 2.56141
141 2.56141
142 2.60168
143 2.60168
144 2.64234
145 2.64234
146 2.6773
147 2.6773
148 2.6773
149 2.71742
150 2.71742
151 2.71742
152 2.75891
153 2.75891
154 2.79383
155 2.79383
156 2.81059
157 2.81059
158 2.81059
159 2.82879
160 2.82879
161 2.82879
162 2.88543
163 2.88543
164 2.88543
165 2.95211
166 2.95211
167 2.99316
168 2.99316
169 2.99316
170 3.07879
171 3.07879
172 3.1534
173 3.1534
174 3.23043
175 3.23043
176 3.29836
177 3.29836
178 3.38773
179 3.38773
180 3.4843
181 3.4843
182 3.60715
183 3.60715
184 3.68961
185 3.68961
186 3.76465
187 3.76465
188 3.87301
189 3.92727
190 3.92727
191 3.99645
192 3.99645
193 4.04887
194 4.04887
195 4.14512
196 4.14512
197 4.19711
198 4.19711
199 4.27348
200 4.27348
201 4.31547
202 4.31547
203 4.39055
204 4.39055
205 4.42047
206 4.42047
207 4.42934
208 4.42934
209 4.46582
210 4.46582
211 4.51609
212 4.51609
213 4.56531
214 4.56531
215 4.60836
216 4.60836
217 4.6727
218 4.6727
219 4.71254
220 4.71254
221 4.73324
222 4.73324
223 4.74016
224 4.74016
225 4.78742
226 4.78742
227 4.83855
228 4.83855
229 4.8932
230 4.8932
231 4.93246
232 4.93246
233 4.96715
234 4.99336
235 5.00258
236 5.00258
237 5.03168
238 5.0532
239 5.0532
240 5.07555
241 5.07555
242 5.12246
243 5.14422
244 5.14578
245 5.17148
246 5.20941
247 5.20941
248 5.26562
249 5.29012
250 5.29965
251 5.32051
252 5.34
253 5.36977
254 5.40262
255 5.42844
256 5.4548
257 5.47555
258 5.49777
259 5.5216
260 5.55262
261 5.59293
262 5.65504
263 5.69602
264 5.75406
265 5.8043
266 5.84055
267 5.88953
268 5.9241
269 5.97621
270 6.02699
271 6.07437
272 6.11758
273 6.14637
274 6.18488
275 6.19637
276 6.21644
277 6.22609
278 6.24875
279 6.26586
280 6.29422
281 6.3175
282 6.3373
283 6.36469
284 6.36629
285 6.3793
286 6.40238
287 6.40238
288 6.44039
289 6.44039
290 6.4884
291 6.51898
292 6.51898
293 6.58547
294 6.58547
295 6.63992
296 6.63992
297 6.69637
298 6.69637
299 6.78769
300 6.78769
301 6.91172
302 6.91172
303 6.98691
304 6.98691
305 7.05754
306 7.05754
307 7.10145
308 7.10145
309 7.16887
310 7.16887
311 7.22242
312 7.22242
313 7.25246
314 7.25246
315 7.2916
316 7.2916
317 7.34582
318 7.34582
319 7.36301
320 7.36301
321 7.40008
322 7.40008
323 7.44656
324 7.44656
325 7.4834
326 7.4834
327 7.4834
328 7.56621
329 7.56621
330 7.56621
331 7.61473
332 7.61473
333 7.61473
334 7.66285
335 7.66285
336 7.72699
337 7.72699
338 7.78707
339 7.78707
340 7.81152
341 7.81152
342 7.83664
343 7.83664
344 7.85566
345 7.85566
346 7.85566
347 7.90828
348 7.90828
349 7.92352
350 7.92352
351 7.95234
352 7.95234
353 8.00465
354 8.00465
355 8.11527
356 8.11527
357 8.17453
358 8.17453
359 8.20676
360 8.20676
361 8.28387
362 8.28387
363 8.31949
364 8.31949
365 8.37137
366 8.37137
367 8.39504
368 8.39504
369 8.43383
370 8.43383
371 8.48687
372 8.48687
373 8.50555
374 8.50555
375 8.50555
376 8.53934
377 8.53934
378 8.5725
379 8.5725
380 8.63594
381 8.63594
382 8.70082
383 8.70082
384 8.75754
385 8.75754
386 8.79195
387 8.79195
388 8.79195
389 8.84707
390 8.84707
391 8.90652
392 8.90652
393 8.90652
394 8.9891
395 8.9891
396 8.9891
397 9.0782
398 9.0782
399 9.16512
400 9.16512
401 9.16512
402 9.24094
403 9.24094
404 9.27113
405 9.27113
406 9.36176
407 9.36176
408 9.41992
409 9.41992
410 9.48629
411 9.48629
412 9.53012
413 9.53012
414 9.56488
415 9.56488
416 9.58285
417 9.58285
418 9.60742
419 9.60742
420 9.60152
421 9.60152
422 9.60152
423 9.65859
424 9.65859
425 9.71437
426 9.71437
427 9.75559
428 9.75559
429 9.84777
430 9.84777
431 9.89992
432 9.89992
433 9.96016
434 9.96016
435 10.0268
436 10.0268
437 10.0949
438 10.0949
439 10.1291
440 10.1291
441 10.2001
442 10.2001
