1 0
2 0.324492
3 0.324492
4 0.324492
5 0.440859
6 0.476055
7 0.507969
8 0.520234
9 0.520234
10 0.537656
11 0.537656
12 0.548242
13 0.548242
14 0.558359
15 0.558359
16 0.56957
17 0.56957
18 0.56957
19 0.585859
20 0.585859
21 0.516523
22 0.516523
23 0.516523
24 0.52125
25 0.52125
26 0.52125
27 0.548867
28 0.548867
29 0.548867
30 0.601094
31 0.601094
32 0.601094
33 0.685547
34 0.685547
35 0.685547
36 0.756406
37 0.756406
38 0.756406
39 0.880273
40 0.880273
41 0.880273
42 0.921602
43 0.921602
44 0.921602
45 0.97707
46 0.97707
47 0.97707
48 1.02289
49 1.02289
50 1.02289
51 1.06125
52 1.06125
53 1.06125
54 1.11922
55 1.11922
56 1.16277
57 1.16277
58 1.21293
59 1.21293
60 1.24395
61 1.24395
62 1.25402
63 1.25402
64 1.2377
65 1.2377
66 1.2748
67 1.2748
68 1.29066
69 1.29066
70 1.29066
71 1.32609
72 1.32609
73 1.3523
74 1.3523
75 1.37133
76 1.37133
77 1.40855
78 1.40855
79 1.44715
80 1.44715
81 1.4691
82 1.4691
83 1.50246
84 1.50246
85 1.52812
86 1.52812
87 1.56543
88 1.56543
89 1.59754
90 1.59754
91 1.66129
92 1.66129
93 1.69562
94 1.69562
95 1.7391
96 1.7391
97 1.7391
98 1.79473
99 1.79473
100 1.81887
101 1.81887
102 1.85141
103 1.85141
104 1.89512
105 1.89512
106 1.96367
107 1.96367
108 1.96367
109 2.02066
110 2.02066
111 2.02066
112 2.10098
113 2.10098
114 2.11871
115 2.11871
116 2.14777
117 2.14777
118 2.17676
119 2.17676
120 2.17676
121 2.20148
122 2.20148
123 2.24812
124 2.24812
125 2.27957
126 2.27957
127 2.31477
128 2.31477
129 2.34297
130 2.34297
131 2.38805
132 2.38805
133 2.42273
134 2.42273
135 2.47652
136 2.47652
137 2.52371
138 2.52371
139 2.58441
140 2.58441
141 2.61922
142 2.61922
143 2.66219
144 2.66219
145 2.69254
146 2.69254
147 2.69254
148 2.73699
149 2.73699
150 2.73699
151 2.7843
152 2.7843
153 2.83473
154 2.83473
155 2.83473
156 2.8507
157 2.8507
158 2.87883
159 2.87883
160 2.91352
161 2.91352
162 2.93812
163 2.93812
164 3.00605
165 3.00605
166 3.0552
167 3.0552
168 3.10344
169 3.10344
170 3.16082
171 3.16082
172 3.23168
173 3.23168
174 3.23168
175 3.32707
176 3.32707
177 3.39883
178 3.39883
179 3.49004
180 3.49004
181 3.58723
182 3.58723
183 3.69785
184 3.69785
185 3.77496
186 3.81801
187 3.86867
188 3.94172
189 3.98344
190 4.00297
191 4.00297
192 4.0677
193 4.0677
194 4.11129
195 4.11129
196 4.14805
197 4.14805
198 4.19477
199 4.19477
200 4.26906
201 4.26906
202 4.35559
203 4.35559
204 4.42676
205 4.42676
206 4.44336
207 4.44336
208 4.48383
209 4.51648
210 4.52633
211 4.56508
212 4.56508
213 4.60777
214 4.61773
215 4.61773
216 4.65719
217 4.67078
218 4.67078
219 4.71547
220 4.71547
221 4.77406
222 4.77406
223 4.84012
224 4.84012
225 4.89957
226 4.89957
227 4.94805
228 4.94805
229 5.00852
230 5.00852
231 5.05746
232 5.05746
233 5.10238
234 5.13477
235 5.15027
236 5.15027
237 5.1832
238 5.2048
239 5.2048
240 5.22988
241 5.22988
242 5.27664
243 5.29578
244 5.30176
245 5.32668
246 5.36629
247 5.36629
248 5.42293
249 5.44863
250 5.45801
251 5.4775
252 5.49766
253 5.5277
254 5.56023
255 5.58352
256 5.36773
257 5.2568
258 5.23801
259 5.23812
260 5.26203
261 5.28934
262 5.34168
263 5.37262
264 5.4202
265 5.45395
266 5.47465
267 5.50195
268 5.50137
269 5.48957
270 5.46121
271 5.43949
272 5.40605
273 5.39195
274 5.37902
275 5.34875
276 5.31824
277 5.27434
278 5.25379
279 5.21816
280 5.20633
281 5.2016
282 5.18953
283 5.18238
284 5.15797
285 5.12996
286 5.12129
287 5.12129
288 5.13379
289 5.13379
290 5.14527
291 5.13871
292 5.13871
293 5.16937
294 5.15969
295 5.15969
296 5.17875
297 5.17875
298 5.20367
299 5.20367
300 5.27988
301 5.27988
302 5.32418
303 5.32418
304 5.36785
305 5.36785
306 5.39461
307 5.39461
308 5.38211
309 5.38211
310 5.39664
311 5.39664
312 5.39922
313 5.39922
314 5.3893
315 5.3893
316 5.37684
317 5.37684
318 5.36312
319 5.36312
320 5.31961
321 5.31961
322 5.32266
323 5.32266
324 5.33117
325 5.33117
326 5.33422
327 5.33422
328 5.33422
329 5.3668
330 5.3668
331 5.3668
332 5.37266
333 5.37266
334 5.37266
335 5.38133
336 5.38133
337 5.41586
338 5.41586
339 5.40184
340 5.40184
341 5.36719
342 5.36719
343 5.35195
344 5.35195
345 5.3277
346 5.3277
347 5.3277
348 5.32402
349 5.32402
350 5.32398
351 5.32398
352 5.34074
353 5.34074
354 5.38363
355 5.38363
356 5.42152
357 5.42152
358 5.41266
359 5.41266
360 5.43066
361 5.43066
362 5.43785
363 5.43785
364 5.43785
365 5.45797
366 5.45797
367 5.45125
368 5.45125
369 5.43477
370 5.43477
371 5.43809
372 5.43809
373 5.41258
374 5.41258
375 5.41258
376 5.40703
377 5.40703
378 5.38902
379 5.38902
380 5.39406
381 5.39406
382 5.38973
383 5.38973
384 5.34875
385 5.34875
386 5.31527
387 5.31527
388 5.2759
389 5.2759
390 5.24754
391 5.24754
392 5.22328
393 5.22328
394 5.22328
395 5.21781
396 5.21781
397 5.25109
398 5.25109
399 5.28711
400 5.28711
401 5.29355
402 5.29355
403 5.29645
404 5.29645
405 5.32871
406 5.32871
407 5.33828
408 5.33828
409 5.34754
410 5.34754
411 5.33609
412 5.33609
413 5.30031
414 5.30031
415 5.25789
416 5.25789
417 5.20813
418 5.20813
419 5.17789
420 5.17789
421 5.17789
422 5.15742
423 5.15742
424 5.15742
425 5.18191
426 5.18191
427 5.19891
428 5.19891
429 5.2568
430 5.2568
431 5.27758
432 5.27758
433 5.29527
434 5.29527
435 5.32242
436 5.32242
437 5.34344
438 5.34344
439 5.34586
440 5.34586
441 5.35301
442 5.35301
443 5.35855
444 5.35855
445 5.34488
446 5.34488
447 5.34176
448 5.34176
449 5.30945
450 5.30945
451 5.28594
452 5.28594
453 5.28
454 5.28
455 5.29004
456 5.29004
457 5.32715
458 5.32715
459 5.42426
460 5.42426
461 5.47469
462 5.47469
463 5.46809
464 5.46809
465 5.4548
466 5.4548
467 5.42277
468 5.42277
469 5.41996
470 5.41996
471 5.41781
472 5.41781
473 5.44078
474 5.44078
475 5.42621
476 5.42621
477 5.38113
478 5.38113
479 5.32871
480 5.32871
481 5.27121
482 5.27121
483 5.28125
484 5.28125
485 5.30824
486 5.30824
487 5.32809
488 5.32809
489 5.36973
490 5.36973
491 5.40074
492 5.40074
493 5.45727
494 5.45727
495 5.54926
496 5.54926
497 5.59844
498 5.59844
499 5.59844
500 5.68703
501 5.68703
502 5.69539
503 5.69539
504 5.69539
505 5.71438
506 5.71438
507 5.71438
508 5.7227
509 5.7227
510 5.71684
511 5.71684
512 5.71684
513 5.71637
514 5.71637
515 5.72133
516 5.72133
517 5.70477
518 5.70477
519 5.6641
520 5.6641
521 5.6309
522 5.6309
523 5.57445
524 5.57445
525 5.565
526 5.565
527 5.55492
528 5.55492
529 5.55492
530 5.57707
531 5.57707
532 5.59762
533 5.59762
534 5.59762
535 5.64746
536 5.64746
537 5.685
538 5.685
539 5.685
540 5.7127
541 5.7127
542 5.7127
543 5.75035
544 5.75035
545 5.75035
546 5.79082
547 5.79082
548 5.84121
549 5.84121
550 5.86699
551 5.86699
552 5.92105
553 5.92105
554 5.95531
555 5.95531
556 6.01848
557 6.01848
558 6.06508
559 6.06508
560 6.11977
561 6.11977
562 6.13711
563 6.13711
564 6.10848
565 6.10848
566 6.09332
567 6.09332
568 6.06957
569 6.06957
570 6.04199
571 6.04199
572 6.04199
573 6.04797
574 6.04797
575 6.04418
576 6.04418
577 6.00152
578 6.00152
579 5.95574
580 5.95574
581 5.93492
582 5.93492
583 5.92035
584 5.92035
585 5.95273
586 5.95273
587 6.01461
588 6.01461
589 6.09055
590 6.09055
591 6.12078
592 6.12078
593 6.11859
594 6.11859
595 6.11859
596 6.12223
597 6.12223
598 6.12223
599 6.1623
600 6.1623
601 6.16109
602 6.16109
603 6.13117
604 6.13117
605 6.11871
606 6.11871
607 6.11871
608 6.13832
609 6.13832
610 6.13832
611 6.13801
612 6.13801
613 6.13801
614 6.12246
615 6.12246
616 6.12246
617 6.1398
618 6.1398
619 6.1398
620 6.17625
621 6.17625
622 6.17625
623 6.21961
624 6.21961
625 6.22367
626 6.22367
627 6.23773
628 6.23773
629 6.23773
630 6.29445
631 6.29445
632 6.30051
633 6.30051
634 6.30613
635 6.30613
636 6.29894
637 6.29894
638 6.26437
639 6.26437
640 6.26437
641 6.26437
642 6.26437
643 6.26437
644 6.30852
645 6.30852
646 6.30852
647 6.34418
648 6.34418
649 6.34418
650 6.41848
651 6.41848
652 6.41848
653 6.48852
654 6.48852
655 6.48852
656 6.50344
657 6.50344
658 6.50375
659 6.50375
660 6.50375
661 6.50492
662 6.50492
663 6.50492
664 6.53672
665 6.53672
666 6.53672
667 6.54012
668 6.54012
669 6.54012
670 6.54531
671 6.54531
672 6.54531
673 6.50203
674 6.50203
675 6.50203
676 6.49504
677 6.49504
678 6.49504
679 6.45332
680 6.45332
681 6.45332
682 6.40855
683 6.40855
684 6.40855
685 6.43973
686 6.43973
687 6.43973
688 6.47195
689 6.47195
690 6.47195
691 6.4952
692 6.4952
693 6.47473
694 6.47473
695 6.47816
696 6.47816
697 6.46816
698 6.46816
699 6.50516
700 6.50516
701 6.49457
702 6.49457
703 6.49738
704 6.49738
705 6.47172
706 6.47172
707 6.43559
708 6.43559
709 6.43559
710 6.43715
711 6.43715
712 6.43715
713 6.45215
714 6.45215
715 6.45215
716 6.44773
717 6.44773
718 6.44945
719 6.44945
720 6.46867
721 6.46867
722 6.45293
723 6.45293
724 6.43781
725 6.43781
726 6.41645
727 6.41645
728 6.37141
729 6.37141
730 6.35187
731 6.35187
732 6.32359
733 6.32359
734 6.29559
735 6.29559
736 6.28766
737 6.28766
738 6.26336
739 6.26336
740 6.2409
741 6.2409
742 6.22586
743 6.22586
744 6.19789
745 6.19789
746 6.1843
747 6.1843
748 6.1843
749 6.19477
750 6.19477
751 6.25805
752 6.25805
753 6.31426
754 6.31426
755 6.3177
756 6.29598
757 6.27441
758 6.27441
759 6.30008
760 6.31391
761 6.31391
762 6.35395
763 6.35395
764 6.42406
765 6.42406
766 6.4652
767 6.4652
768 6.45832
769 6.45832
770 6.44309
771 6.44309
772 6.47422
773 6.47422
774 6.50387
775 6.50387
776 6.50387
777 6.50387
778 6.49637
779 6.49637
780 6.49609
781 6.49609
782 6.47133
783 6.47133
784 6.43687
785 6.43687
786 6.40387
787 6.40387
788 6.41555
789 6.41555
790 6.40605
791 6.40605
792 6.38105
793 6.38105
794 6.34832
795 6.34832
796 6.33398
797 6.33398
798 6.33789
799 6.33789
800 6.3373
801 6.3373
802 6.32809
803 6.32809
804 6.32922
805 6.32922
806 6.30793
807 6.30793
808 6.29324
809 6.29324
810 6.28137
811 6.28137
812 6.29469
813 6.29469
814 6.3023
815 6.3023
816 6.35137
817 6.35137
818 6.3934
819 6.3934
820 6.39781
821 6.39781
822 6.42289
823 6.42289
824 6.41812
825 6.41812
826 6.41777
827 6.41777
828 6.42316
829 6.42316
830 6.41867
831 6.41867
832 6.40469
833 6.40469
834 6.37574
835 6.37574
836 6.32367
837 6.32367
838 6.27535
839 6.27535
840 6.24652
841 6.24652
842 6.22629
843 6.22629
844 6.23598
845 6.23598
846 6.22613
847 6.22613
848 6.23477
849 6.23477
850 6.26598
851 6.26598
852 6.32793
853 6.32793
854 6.35594
855 6.35594
856 6.37762
857 6.37762
858 6.37758
859 6.37758
860 6.37758
861 6.36426
862 6.36426
863 6.36426
864 6.3773
865 6.3773
866 6.36012
867 6.36012
868 6.34875
869 6.34875
870 6.32215
871 6.32215
872 6.32215
873 6.33766
874 6.33766
875 6.33766
876 6.2777
877 6.2777
878 6.2777
879 6.24508
880 6.24508
881 6.19328
882 6.19328
883 6.17535
884 6.17535
885 6.17477
886 6.17477
887 6.17477
888 6.22469
889 6.22469
890 6.2727
891 6.2727
892 6.32105
893 6.32105
894 6.37914
895 6.37914
896 6.42438
897 6.42438
898 6.44125
899 6.44125
900 6.45855
901 6.45855
902 6.44996
903 6.44996
904 6.43797
905 6.43797
906 6.46383
907 6.46383
908 6.41199
909 6.41199
910 6.35137
911 6.35137
912 6.31418
913 6.31418
914 6.25
915 6.25
916 6.18727
917 6.18727
918 6.12852
919 6.12852
920 6.13098
921 6.13098
922 6.13719
923 6.13719
924 6.13719
925 6.10824
926 6.10824
927 6.10824
928 6.03727
929 6.03727
930 6.03727
931 6.04184
932 6.04184
933 6.04184
934 6.05684
935 6.05684
936 6.05684
937 6.04168
938 6.04168
939 6.04168
940 6.0077
941 6.0077
942 6.0077
943 5.99988
944 5.99988
945 5.99988
946 6.00355
947 6.00355
948 6.00355
949 5.97977
950 5.97977
951 5.97977
952 5.97977
953 5.95406
954 5.95406
955 5.95406
956 5.97918
957 5.97918
958 5.97918
959 5.98074
960 5.98074
961 5.93766
962 5.93766
963 5.86148
964 5.86148
965 5.83051
966 5.83051
967 5.83051
968 5.83086
969 5.83086
970 5.83086
971 5.8023
972 5.8023
973 5.8023
974 5.77672
975 5.77672
976 5.77672
977 5.76062
978 5.76062
979 5.77301
980 5.77301
981 5.75996
982 5.75996
983 5.70441
984 5.70441
985 5.70441
986 5.70176
987 5.70176
988 5.70176
989 5.70176
990 5.70453
991 5.70453
992 5.70453
993 5.70453
994 5.72117
995 5.72117
996 5.72117
997 5.72117
998 5.72258
999 5.72258
1000 5.72258
1001 5.69711
1002 5.69711
1003 5.69711
1004 5.7234
1005 5.7234
1006 5.7234
1007 5.72922
1008 5.72922
1009 5.72922
1010 5.70773
1011 5.70773
1012 5.70773
1013 5.6782
1014 5.6782
1015 5.6782
1016 5.66129
1017 5.66129
1018 5.66129
1019 5.63715
1020 5.63715
1021 5.63715
1022 5.66926
1023 5.66926
1024 5.66926
1025 5.71305
1026 5.71305
1027 5.71305
1028 5.76445
1029 5.76445
1030 5.76445
1031 5.84832
1032 5.84832
1033 5.85469
1034 5.85469
1035 5.88473
1036 5.88473
1037 5.88816
1038 5.88816
1039 5.91508
1040 5.91508
1041 5.91508
1042 5.97746
1043 5.97746
1044 5.97746
1045 6.03637
1046 6.03637
1047 6.03637
1048 6.05
1049 6.05
1050 6.05
1051 6.05582
1052 6.05582
1053 6.0693
1054 6.0693
1055 6.03055
1056 6.03055
1057 6.03055
1058 6.03734
1059 6.03734
1060 6.03785
1061 6.03785
1062 6.05613
1063 6.05613
1064 6.05871
1065 6.05871
1066 6.05457
1067 6.05457
1068 6.03633
1069 6.03633
1070 6.02055
1071 6.02055
1072 6.02055
1073 6.00852
1074 6.00852
1075 6.00852
1076 6.00719
1077 6.00719
1078 5.97684
1079 5.97684
1080 5.95715
1081 5.95715
1082 5.93496
1083 5.93496
1084 5.95504
1085 5.95504
1086 5.99957
1087 5.99934
1088 5.99934
1089 6.02574
1090 6.02574
1091 6.05094
1092 6.05094
1093 6.08496
1094 6.08496
1095 6.08496
1096 6.11102
1097 6.11102
1098 6.11102
1099 6.13359
1100 6.13359
1101 6.13359
1102 6.13359
1103 6.17312
1104 6.17312
1105 6.17312
1106 6.17312
1107 6.21312
1108 6.21312
1109 6.21312
1110 6.21312
1111 6.2218
1112 6.2218
1113 6.2218
1114 6.24707
1115 6.24707
1116 6.24707
1117 6.25512
1118 6.25512
1119 6.25512
1120 6.25145
1121 6.25145
1122 6.25145
1123 6.25145
1124 6.27125
1125 6.27125
1126 6.27125
1127 6.25805
1128 6.25805
1129 6.25805
1130 6.28578
1131 6.28578
1132 6.28578
1133 6.27836
1134 6.27836
1135 6.27836
1136 6.25637
1137 6.25637
1138 6.25637
1139 6.21656
1140 6.21656
1141 6.21656
1142 6.20918
1143 6.20918
1144 6.20918
1145 6.22664
1146 6.22664
1147 6.23902
1148 6.23902
1149 6.23902
1150 6.27625
1151 6.27625
1152 6.29387
1153 6.29387
1154 6.28504
1155 6.28504
1156 6.29527
1157 6.29527
1158 6.29527
1159 6.30324
1160 6.30324
1161 6.30324
1162 6.30402
1163 6.30402
1164 6.30402
1165 6.3034
1166 6.3034
1167 6.3034
1168 6.3027
1169 6.3027
1170 6.3027
1171 6.32777
1172 6.32777
1173 6.34879
1174 6.34879
1175 6.34293
1176 6.34293
1177 6.30848
1178 6.31051
1179 6.25316
1180 6.25316
1181 6.20367
1182 6.20367
1183 6.19844
1184 6.19844
1185 6.18785
1186 6.18785
1187 6.20242
1188 6.20242
1189 6.2127
1190 6.2127
1191 6.24094
1192 6.24094
1193 6.24035
1194 6.24035
1195 6.24769
1196 6.24769
1197 6.21129
1198 6.21129
1199 6.21617
1200 6.21617
1201 6.21617
1202 6.22328
1203 6.22328
1204 6.23164
1205 6.23164
1206 6.2457
1207 6.2457
1208 6.29039
1209 6.29039
1210 6.35004
1211 6.35004
1212 6.34934
1213 6.34934
1214 6.31992
1215 6.31992
1216 6.30023
1217 6.30023
1218 6.28227
1219 6.28227
1220 6.25609
1221 6.25609
1222 6.23168
1223 6.23168
1224 6.21703
1225 6.21703
1226 6.21496
1227 6.21496
1228 6.19312
1229 6.19312
1230 6.13352
1231 6.13352
1232 6.14836
1233 6.14836
1234 6.16699
1235 6.16699
1236 6.21516
1237 6.23121
1238 6.23121
1239 6.24887
1240 6.24887
1241 6.295
1242 6.295
1243 6.30652
1244 6.30652
1245 6.29945
1246 6.29945
1247 6.30598
1248 6.30598
1249 6.33766
1250 6.33766
1251 6.35602
1252 6.35602
1253 6.34191
1254 6.34191
1255 6.30785
1256 6.30785
1257 6.30148
1258 6.30148
1259 6.30625
1260 6.30625
1261 6.32707
1262 6.32707
1263 6.34949
1264 6.34949
1265 6.35598
1266 6.35598
1267 6.3707
1268 6.3707
1269 6.37074
1270 6.37074
1271 6.37348
1272 6.37348
1273 6.37445
1274 6.37445
1275 6.41039
1276 6.41039
1277 6.43574
1278 6.43574
1279 6.45437
1280 6.45437
1281 6.46668
1282 6.46668
1283 6.48977
1284 6.48977
1285 6.48937
1286 6.48937
1287 6.46
1288 6.46
1289 6.43328
1290 6.43328
1291 6.41762
1292 6.41762
1293 6.44684
1294 6.44684
1295 6.47359
1296 6.47359
1297 6.48293
1298 6.48293
1299 6.48375
1300 6.48375
1301 6.49312
1302 6.49312
1303 6.48438
1304 6.48438
1305 6.49164
1306 6.49164
1307 6.49492
1308 6.49492
1309 6.53406
1310 6.53406
1311 6.55066
1312 6.55066
1313 6.56484
1314 6.56484
1315 6.55461
1316 6.55461
1317 6.53762
1318 6.53762
1319 6.51441
1320 6.51441
1321 6.48895
1322 6.48895
1323 6.48531
1324 6.48531
1325 6.49047
1326 6.49047
1327 6.52777
1328 6.52777
1329 6.52645
1330 6.52645
1331 6.54375
1332 6.54375
1333 6.52746
1334 6.52746
1335 6.49227
1336 6.49227
1337 6.46215
1338 6.46215
1339 6.42141
1340 6.42141
1341 6.41691
1342 6.41691
1343 6.40438
1344 6.40438
1345 6.39715
1346 6.39715
1347 6.38062
1348 6.38062
1349 6.38328
1350 6.38328
1351 6.37996
1352 6.37996
1353 6.4077
1354 6.48332
1355 6.48047
1356 6.48047
1357 6.49031
1358 6.49031
1359 6.50793
1360 6.50793
1361 6.55234
1362 6.55234
1363 6.58176
1364 6.58176
1365 6.61402
1366 6.61402
1367 6.57895
1368 6.57895
1369 6.57398
1370 6.57398
1371 6.58473
1372 6.58473
1373 6.55715
1374 6.55715
1375 6.54742
1376 6.54742
1377 6.57516
1378 6.57516
1379 6.57762
1380 6.57762
1381 6.56543
1382 6.56543
1383 6.58352
1384 6.58352
1385 6.58637
1386 6.58637
1387 6.55891
1388 6.55891
1389 6.53578
1390 6.53578
1391 6.49324
1392 6.49324
1393 6.45547
1394 6.45547
1395 6.45527
1396 6.45527
1397 6.38016
1398 6.38016
1399 6.36895
1400 6.36895
1401 6.31016
1402 6.31016
1403 6.26258
1404 6.26258
1405 6.22605
1406 6.22605
1407 6.17645
1408 6.17645
1409 6.15934
1410 6.15934
1411 6.12859
1412 6.12859
1413 6.09316
1414 6.09316
1415 6.08969
1416 6.08969
1417 6.06637
1418 6.06637
1419 6.0452
1420 6.0452
1421 6.09867
1422 6.09867
1423 6.12543
1424 6.12543
1425 6.18215
1426 6.18215
1427 6.21273
1428 6.21273
1429 6.2298
1430 6.24121
1431 6.24687
1432 6.2468
1433 6.39707
1434 6.4041
1435 6.39418
1436 6.39418
1437 6.39164
1438 6.39164
1439 6.36312
1440 6.36312
1441 6.33258
1442 6.33258
1443 6.34094
1444 6.34094
1445 6.35344
1446 6.35344
1447 6.37113
1448 6.36836
1449 6.30465
1450 6.29574
1451 6.27645
1452 6.27645
1453 6.30094
1454 6.29445
1455 6.28645
1456 6.29082
1457 6.29082
1458 6.32586
1459 6.34758
1460 6.38039
1461 6.39297
1462 6.39297
1463 6.41023
1464 6.3968
1465 6.3968
1466 6.39797
1467 6.39797
1468 6.39238
1469 6.39238
1470 6.41027
1471 6.41027
1472 6.38645
1473 6.38645
1474 6.37523
1475 6.37523
1476 6.41164
1477 6.41164
1478 6.4827
1479 6.4827
1480 6.52062
1481 6.52062
1482 6.57297
1483 6.57297
1484 6.62535
1485 6.62535
1486 6.68926
1487 6.68926
1488 6.69941
1489 6.69941
1490 6.70363
1491 6.70363
1492 6.71941
1493 6.71941
1494 6.73875
1495 6.73875
1496 6.73195
1497 6.73195
1498 6.69926
1499 6.69926
1500 6.69926
1501 6.65027
1502 6.65027
1503 6.65027
1504 6.58609
1505 6.58609
