1 0
2 0.324492
3 0.324492
4 0.324492
5 0.441055
6 0.475898
7 0.507617
8 0.519922
9 0.519922
10 0.537461
11 0.537461
12 0.548086
13 0.548086
14 0.558203
15 0.558203
16 0.56957
17 0.56957
18 0.56957
19 0.586016
20 0.586016
21 0.611992
22 0.611992
23 0.611992
24 0.633633
25 0.633633
26 0.633633
27 0.668828
28 0.668828
29 0.668828
30 0.734922
31 0.734922
32 0.734922
33 0.824805
34 0.824805
35 0.824805
36 0.90293
37 0.90293
38 0.90293
39 1.02961
40 1.02961
41 1.02961
42 1.07195
43 1.07195
44 1.07195
45 1.12844
46 1.12844
47 1.12844
48 1.17629
49 1.17629
50 1.17629
51 1.22598
52 1.22598
53 1.22598
54 1.2873
55 1.2873
56 1.33277
57 1.33277
58 1.38906
59 1.38906
60 1.44129
61 1.44129
62 1.46887
63 1.46887
64 1.51531
65 1.51531
66 1.5582
67 1.5582
68 1.5582
69 1.59613
70 1.59613
71 1.59613
72 1.64168
73 1.64168
74 1.68344
75 1.68344
76 1.72016
77 1.72016
78 1.75887
79 1.75887
80 1.80645
81 1.80645
82 1.83902
83 1.83902
84 1.87957
85 1.87957
86 1.93328
87 1.93328
88 1.9834
89 1.9834
90 2.03398
91 2.03398
92 2.08117
93 2.08117
94 2.13746
95 2.13746
96 2.1848
97 2.1848
98 2.23027
99 2.23027
100 2.26855
101 2.26855
102 2.30727
103 2.30727
104 2.35832
105 2.35832
106 2.4334
107 2.4334
108 2.4334
109 2.49941
110 2.49941
111 2.49941
112 2.58738
113 2.58738
114 2.63422
115 2.63422
116 2.67031
117 2.67031
118 2.71234
119 2.71234
120 2.71234
121 2.75566
122 2.75566
123 2.80941
124 2.80941
125 2.84887
126 2.84887
127 2.88949
128 2.88949
129 2.94453
130 2.94453
131 3.01043
132 3.01043
133 3.08703
134 3.08703
135 3.14918
136 3.14918
137 3.20051
138 3.20051
139 3.26984
140 3.26984
141 3.30871
142 3.30871
143 3.36066
144 3.36066
145 3.39719
146 3.39719
147 3.39719
148 3.44859
149 3.44859
150 3.44859
151 3.50383
152 3.50383
153 3.56496
154 3.56496
155 3.56496
156 3.61586
157 3.61586
158 3.66918
159 3.66918
160 3.66918
161 3.7366
162 3.7366
163 3.7366
164 3.8343
165 3.8343
166 3.89656
167 3.89656
168 3.95648
169 3.95648
170 4.02301
171 4.02301
172 4.10199
173 4.10199
174 4.18836
175 4.18836
176 4.26363
177 4.26363
178 4.3616
179 4.3616
180 4.47016
181 4.47016
182 4.60074
183 4.60074
184 4.69961
185 4.69961
186 4.79055
187 4.79055
188 4.91238
189 4.91238
190 4.99652
191 4.99652
192 5.08723
193 5.08723
194 5.16141
195 5.16141
196 5.24164
197 5.24164
198 5.33938
199 5.33938
200 5.44141
201 5.44141
202 5.5518
203 5.5518
204 5.64301
205 5.64301
206 5.69703
207 5.69703
208 5.7625
209 5.81355
210 5.81355
211 5.88848
212 5.88848
213 5.9623
214 5.9623
215 6.04383
216 6.10656
217 6.10656
218 6.18145
219 6.18145
220 6.2543
221 6.2543
222 6.32676
223 6.32676
224 6.40598
225 6.40598
226 6.47113
227 6.47113
228 6.54191
229 6.54191
230 6.60973
231 6.60973
232 6.68359
233 6.68359
234 6.76555
235 6.82418
236 6.82418
237 6.90199
238 6.94863
239 6.94863
240 7.00781
241 7.0523
242 7.09418
243 7.13605
244 7.17703
245 7.22109
246 7.27512
247 7.34613
248 7.39203
249 7.4427
250 7.48332
251 7.52309
252 7.55578
253 7.59477
254 7.63379
255 7.66945
256 7.7109
257 7.74957
258 7.79848
259 7.51586
260 7.38375
261 7.37187
262 7.4016
263 7.43449
264 7.47953
265 7.52227
266 7.55895
267 7.60269
268 7.63246
269 7.66313
270 7.70137
271 7.72414
272 7.70859
273 7.64637
274 7.60691
275 7.50191
276 7.47141
277 7.43473
278 7.4066
279 7.38129
280 7.35562
281 7.34125
282 7.31746
283 7.2943
284 7.27953
285 7.2541
286 7.23684
287 7.23684
288 7.23793
289 7.23793
290 7.24328
291 7.23203
292 7.23203
293 7.26629
294 7.27
295 7.27
296 7.28555
297 7.28555
298 7.32582
299 7.32582
300 7.39535
301 7.39535
302 7.43074
303 7.43074
304 7.46133
305 7.46133
306 7.4793
307 7.4793
308 7.47395
309 7.47395
310 7.47297
311 7.47297
312 7.47152
313 7.47152
314 7.46742
315 7.46742
316 7.47355
317 7.47355
318 7.47992
319 7.47992
320 7.47547
321 7.47547
322 7.46797
323 7.46797
324 7.46613
325 7.46613
326 7.43855
327 7.43855
328 7.43855
329 7.46164
330 7.46164
331 7.46164
332 7.48902
333 7.48902
334 7.49645
335 7.49645
336 7.51918
337 7.51918
338 7.52422
339 7.52422
340 7.51109
341 7.51109
342 7.49797
343 7.49797
344 7.47398
345 7.47398
346 7.47398
347 7.47156
348 7.47156
349 7.47156
350 7.45176
351 7.45176
352 7.45777
353 7.45777
354 7.50578
355 7.50578
356 7.52215
357 7.52215
358 7.5593
359 7.5593
360 7.59277
361 7.59277
362 7.61277
363 7.61277
364 7.61129
365 7.61129
366 7.60613
367 7.60613
368 7.59797
369 7.59797
370 7.59133
371 7.59133
372 7.59133
373 7.58914
374 7.58914
375 7.58914
376 7.585
377 7.585
378 7.54266
379 7.54266
380 7.55355
381 7.55355
382 7.57172
383 7.57172
384 7.56547
385 7.56547
386 7.53035
387 7.53035
388 7.53035
389 7.50172
390 7.50172
391 7.48406
392 7.48406
393 7.48406
394 7.47977
395 7.47977
396 7.47977
397 7.46137
398 7.46137
399 7.41902
400 7.41902
401 7.41902
402 7.39637
403 7.39637
404 7.35324
405 7.35324
406 7.33078
407 7.33078
408 7.30949
409 7.30949
410 7.29422
411 7.29422
412 7.27305
413 7.27305
414 7.24219
415 7.24219
416 7.19961
417 7.19961
418 7.14355
419 7.14355
420 7.07129
421 7.07129
422 7.07129
423 7.05926
424 7.05926
425 7.0632
426 7.0632
427 7.06758
428 7.06758
429 7.11836
430 7.11836
431 7.12777
432 7.12777
433 7.1352
434 7.1352
435 7.13043
436 7.13043
437 7.14836
438 7.14836
439 7.12766
440 7.12766
441 7.13258
442 7.13258
443 7.12027
444 7.12027
445 7.10719
446 7.10719
447 7.09645
448 7.09645
449 7.07531
450 7.07531
451 7.06066
452 7.06066
453 7.04914
454 7.04914
455 7.04551
456 7.04551
457 7.0898
458 7.0898
459 7.15164
460 7.15164
461 7.22633
462 7.22633
463 7.21934
464 7.21934
465 7.21855
466 7.21855
467 7.2143
468 7.2143
469 7.21941
470 7.21941
471 7.21891
472 7.21891
473 7.24234
474 7.24234
475 7.23438
476 7.23438
477 7.21754
478 7.21754
479 7.22172
480 7.22172
481 7.22621
482 7.22621
483 7.24305
484 7.24305
485 7.2625
486 7.2625
487 7.28457
488 7.28457
489 7.32832
490 7.32832
491 7.3548
492 7.3548
493 7.3548
494 7.45672
495 7.45672
496 7.51449
497 7.51449
498 7.58312
499 7.58312
500 7.6443
501 7.6443
502 7.65578
503 7.65578
504 7.65578
505 7.6777
506 7.6777
507 7.68551
508 7.68551
509 7.67238
510 7.67238
511 7.66875
512 7.66875
513 7.66875
514 7.67266
515 7.67266
516 7.68152
517 7.68152
518 7.69375
519 7.69375
520 7.73082
521 7.73082
522 7.73441
523 7.73441
524 7.73535
525 7.73535
526 7.73273
527 7.73273
528 7.72609
529 7.72609
530 7.72449
531 7.72449
532 7.74117
533 7.74117
534 7.74117
535 7.78605
536 7.78605
537 7.81617
538 7.81617
539 7.81617
540 7.84703
541 7.84703
542 7.84703
543 7.8918
544 7.8918
545 7.92629
546 7.92629
547 7.97906
548 7.97906
549 8.0143
550 8.0143
551 8.04144
552 8.04144
553 8.1275
554 8.1275
555 8.18492
556 8.18492
557 8.26566
558 8.26566
559 8.31016
560 8.31016
561 8.31016
562 8.3748
563 8.3748
564 8.37664
565 8.37664
566 8.36363
567 8.36363
568 8.36269
569 8.36269
570 8.33937
571 8.33937
572 8.33937
573 8.35863
574 8.35863
575 8.36328
576 8.36328
577 8.33891
578 8.33891
579 8.29602
580 8.29602
581 8.28848
582 8.28848
583 8.2725
584 8.2725
585 8.28254
586 8.28254
587 8.34293
588 8.34293
589 8.40941
590 8.40941
591 8.43613
592 8.43613
593 8.44348
594 8.44348
595 8.44348
596 8.46266
597 8.46266
598 8.46266
599 8.51059
600 8.51059
601 8.51578
602 8.51578
603 8.50035
604 8.50035
605 8.49004
606 8.49004
607 8.49004
608 8.51
609 8.51
610 8.51
611 8.52113
612 8.52113
613 8.52113
614 8.54758
615 8.54758
616 8.54758
617 8.58781
618 8.58781
619 8.58781
620 8.61129
621 8.61129
622 8.62109
623 8.62109
624 8.65676
625 8.65676
626 8.68766
627 8.68766
628 8.68766
629 8.74043
630 8.74043
631 8.74379
632 8.74379
633 8.74379
634 8.7759
635 8.7759
636 8.78395
637 8.78395
638 8.78395
639 8.79387
640 8.79387
641 8.79387
642 8.81734
643 8.81734
644 8.81734
645 8.86269
646 8.86269
647 8.86269
648 8.89859
649 8.89859
650 8.89859
651 8.94344
652 8.94344
653 8.94344
654 8.99047
655 8.99047
656 8.99047
657 9.01055
658 9.01055
659 9.01055
660 9.02465
661 9.02465
662 9.02465
663 9.04062
664 9.04062
665 9.04062
666 9.04477
667 9.04477
668 9.04477
669 9.05035
670 9.05035
671 9.05035
672 9.0391
673 9.0391
674 9.0391
675 9.01969
676 9.01969
677 9.01969
678 9.00437
679 9.00437
680 9.00437
681 9.00547
682 9.00547
683 9.00547
684 9.0175
685 9.0175
686 9.0175
687 9.04301
688 9.04301
689 9.04301
690 9.05023
691 9.05023
692 9.03656
693 9.03656
694 9.03551
695 9.03551
696 9.00422
697 9.00422
698 9.01281
699 9.01281
700 9.03949
701 9.03949
702 9.01543
703 9.01543
704 8.97563
705 8.97563
706 8.93883
707 8.93883
708 8.93883
709 8.93625
710 8.93625
711 8.93625
712 8.94719
713 8.94719
714 8.94719
715 8.95312
716 8.95312
717 8.94145
718 8.94145
719 8.95859
720 8.95859
721 8.95531
722 8.95531
723 8.95656
724 8.95656
725 8.9327
726 8.9327
727 8.88441
728 8.88441
729 8.84484
730 8.84484
731 8.80258
732 8.80258
733 8.77574
734 8.77574
735 8.74094
736 8.74094
737 8.72473
738 8.72473
739 8.72473
740 8.6916
741 8.6916
742 8.66953
743 8.66953
744 8.63953
745 8.63953
746 8.6202
747 8.6202
748 8.61719
749 8.61719
750 8.61719
751 8.69016
752 8.69016
753 8.73848
754 8.73848
755 8.7343
756 8.6991
757 8.6991
758 8.66461
759 8.66461
760 8.62594
761 8.62594
762 8.65191
763 8.65191
764 8.72004
765 8.72004
766 8.7732
767 8.7732
768 8.79926
769 8.79926
770 8.83684
771 8.83684
772 8.85434
773 8.85434
774 8.90887
775 8.90887
776 8.91941
777 8.91941
778 8.92035
779 8.92035
780 8.92602
781 8.92602
782 8.92352
783 8.92352
784 8.92937
785 8.92937
786 8.93543
787 8.93543
788 8.94297
789 8.94297
790 8.95168
791 8.95168
792 8.88672
793 8.88672
794 8.85113
795 8.85113
796 8.80844
797 8.80844
798 8.75617
799 8.75617
800 8.75996
801 8.75996
802 8.76188
803 8.76188
804 8.77047
805 8.77047
806 8.76379
807 8.76379
808 8.76937
809 8.76937
810 8.76418
811 8.76418
812 8.77621
813 8.77621
814 8.79461
815 8.79461
816 8.82398
817 8.82398
818 8.85332
819 8.85332
820 8.86855
821 8.86855
822 8.89336
823 8.89336
824 8.89754
825 8.89754
826 8.92102
827 8.92102
828 8.92449
829 8.92449
830 8.88141
831 8.88141
832 8.85598
833 8.85598
834 8.84191
835 8.84191
836 8.81207
837 8.81207
838 8.78937
839 8.78937
840 8.75473
841 8.75473
842 8.7373
843 8.7373
844 8.76465
845 8.76465
846 8.72242
847 8.72242
848 8.70809
849 8.70809
850 8.70809
851 8.72328
852 8.72328
853 8.75945
854 8.75945
855 8.73676
856 8.73676
857 8.73676
858 8.7327
859 8.7327
860 8.72234
861 8.72234
862 8.72176
863 8.72176
864 8.73293
865 8.73293
866 8.70586
867 8.70586
868 8.6868
869 8.6868
870 8.68492
871 8.68492
872 8.68492
873 8.70422
874 8.70422
875 8.70422
876 8.67496
877 8.67496
878 8.67496
879 8.66141
880 8.66141
881 8.61691
882 8.61691
883 8.55203
884 8.55203
885 8.47691
886 8.47691
887 8.46605
888 8.46605
889 8.46605
890 8.54148
891 8.54148
892 8.56805
893 8.56805
894 8.60582
895 8.60582
896 8.65727
897 8.65727
898 8.69215
899 8.69215
900 8.73852
901 8.73852
902 8.72695
903 8.72695
904 8.69754
905 8.69754
906 8.69426
907 8.69426
908 8.65656
909 8.65656
910 8.6134
911 8.6134
912 8.58246
913 8.58246
914 8.55422
915 8.55422
916 8.52008
917 8.52008
918 8.46367
919 8.46367
920 8.50406
921 8.50406
922 8.51227
923 8.51227
924 8.51227
925 8.49281
926 8.49281
927 8.49281
928 8.45551
929 8.45551
930 8.45551
931 8.44219
932 8.44219
933 8.44219
934 8.42559
935 8.42559
936 8.42559
937 8.37422
938 8.37422
939 8.37422
940 8.31309
941 8.31309
942 8.31309
943 8.25277
944 8.25277
945 8.25277
946 8.23926
947 8.23926
948 8.23926
949 8.21688
950 8.21688
951 8.21688
952 8.21688
953 8.20816
954 8.20816
955 8.20816
956 8.22426
957 8.22426
958 8.22426
959 8.2225
960 8.2225
961 8.21734
962 8.21734
963 8.20418
964 8.20418
965 8.17633
966 8.17633
967 8.17633
968 8.18336
969 8.18336
970 8.18336
971 8.17059
972 8.17059
973 8.17059
974 8.14137
975 8.14137
976 8.14137
977 8.12371
978 8.12371
979 8.1223
980 8.1223
981 8.11477
982 8.11477
983 8.0857
984 8.0857
985 8.0857
986 8.05211
987 8.05211
988 8.05211
989 8.05211
990 8.02121
991 8.02121
992 8.02121
993 8.02121
994 8.00934
995 8.00934
996 8.00934
997 8.00934
998 8.0193
999 8.0193
1000 8.0193
1001 8.01859
1002 8.01859
1003 8.01859
1004 8.04891
1005 8.04891
1006 8.04891
1007 8.04152
1008 8.04152
1009 8.04152
1010 8.02535
1011 8.02535
1012 8.01027
1013 8.01027
1014 8.01027
1015 7.99988
1016 7.99988
1017 7.96426
1018 7.96426
1019 7.96426
1020 7.9577
1021 7.9577
1022 7.9577
1023 7.99629
1024 7.99629
1025 7.99629
1026 8.02672
1027 8.02672
1028 8.02672
1029 8.08211
1030 8.08211
1031 8.08211
1032 8.1559
1033 8.1559
1034 8.18328
1035 8.18328
1036 8.18453
1037 8.18453
1038 8.18289
1039 8.18289
1040 8.18289
1041 8.23566
1042 8.23566
1043 8.23566
1044 8.31234
1045 8.31234
1046 8.31234
1047 8.35906
1048 8.35906
1049 8.35906
1050 8.45719
1051 8.45719
1052 8.49371
1053 8.49371
1054 8.47078
1055 8.47078
1056 8.47078
1057 8.48895
1058 8.48895
1059 8.48895
1060 8.50992
1061 8.50992
1062 8.5084
1063 8.5084
1064 8.50117
1065 8.50117
1066 8.49621
1067 8.49621
1068 8.48738
1069 8.48738
1070 8.45148
1071 8.45148
1072 8.45148
1073 8.42801
1074 8.42801
1075 8.42801
1076 8.42797
1077 8.42797
1078 8.41859
1079 8.41859
1080 8.4232
1081 8.4232
1082 8.37871
1083 8.37871
1084 8.38809
1085 8.3952
1086 8.3952
1087 8.4327
1088 8.4327
1089 8.49062
1090 8.49062
1091 8.53473
1092 8.53473
1093 8.56613
1094 8.56613
1095 8.56613
1096 8.58418
1097 8.58418
1098 8.58418
1099 8.58418
1100 8.60316
1101 8.60316
1102 8.60316
1103 8.60316
1104 8.6616
1105 8.6616
1106 8.6616
1107 8.6616
1108 8.67168
1109 8.67168
1110 8.67168
1111 8.67168
1112 8.70594
1113 8.70594
1114 8.70594
1115 8.73449
1116 8.73449
1117 8.73449
1118 8.72453
1119 8.72453
1120 8.72453
1121 8.72453
1122 8.77113
1123 8.77113
1124 8.77113
1125 8.77113
1126 8.79789
1127 8.79789
1128 8.79789
1129 8.83105
1130 8.83105
1131 8.83105
1132 8.85687
1133 8.85687
1134 8.85687
1135 8.88254
1136 8.88254
1137 8.88254
1138 8.88207
1139 8.88207
1140 8.88207
1141 8.87117
1142 8.87117
1143 8.82367
1144 8.82367
1145 8.82367
1146 8.84293
1147 8.84293
1148 8.85516
1149 8.85516
1150 8.86723
1151 8.86723
1152 8.885
1153 8.885
1154 8.87418
1155 8.87418
1156 8.88195
1157 8.88195
1158 8.88195
1159 8.90281
1160 8.90281
1161 8.90281
1162 8.9082
1163 8.9082
1164 8.9082
1165 8.91574
1166 8.91574
1167 8.91574
1168 8.9243
1169 8.9243
1170 8.9243
1171 8.95262
1172 8.95262
1173 8.98328
1174 8.98328
1175 8.99891
1176 8.99891
1177 8.97598
1178 8.9784
1179 8.93184
1180 8.93184
1181 8.86957
1182 8.86957
1183 8.82777
1184 8.82777
1185 8.80418
1186 8.80418
1187 8.81277
1188 8.81277
1189 8.84293
1190 8.84293
1191 8.88414
1192 8.88414
1193 8.90223
1194 8.90223
1195 8.91719
1196 8.91719
1197 8.91969
1198 8.91969
1199 8.92008
1200 8.92008
1201 8.89559
1202 8.89559
1203 8.90148
1204 8.90148
1205 8.90371
1206 8.90371
1207 8.92773
1208 8.92773
1209 8.97867
1210 8.97867
1211 8.99449
1212 8.99449
1213 8.96262
1214 8.96262
1215 8.89477
1216 8.89477
1217 8.83785
1218 8.83785
1219 8.7927
1220 8.7927
1221 8.74434
1222 8.74434
1223 8.70785
1224 8.70785
1225 8.66848
1226 8.66848
1227 8.65129
1228 8.65129
1229 8.64953
1230 8.64953
1231 8.61922
1232 8.61922
1233 8.65008
1234 8.65008
1235 8.69207
1236 8.69207
1237 8.73746
1238 8.73746
1239 8.7741
1240 8.7741
1241 8.82934
1242 8.82934
1243 8.8484
1244 8.8484
1245 8.84125
1246 8.84125
1247 8.82926
1248 8.82926
1249 8.84699
1250 8.84699
1251 8.86105
1252 8.86105
1253 8.83984
1254 8.83984
1255 8.78953
1256 8.78953
1257 8.78184
1258 8.78184
1259 8.81152
1260 8.81152
1261 8.86695
1262 8.86695
1263 8.8823
1264 8.8823
1265 8.91246
1266 8.91246
1267 8.94602
1268 8.94602
1269 8.94535
1270 8.94535
1271 8.95965
1272 8.95965
1273 8.98691
1274 8.98691
1275 9.025
1276 9.025
1277 9.05754
1278 9.05754
1279 9.06422
1280 9.06422
1281 9.09645
1282 9.09645
1283 9.12844
1284 9.12844
1285 9.1409
1286 9.1409
1287 9.12887
1288 9.12887
1289 9.09871
1290 9.09871
1291 9.10262
1292 9.10262
1293 9.13523
1294 9.13523
1295 9.16172
1296 9.16172
1297 9.17355
1298 9.17355
1299 9.18465
1300 9.18465
1301 9.2073
1302 9.2073
1303 9.20055
1304 9.20055
1305 9.2125
1306 9.2125
1307 9.23531
1308 9.23531
1309 9.28547
1310 9.28547
1311 9.29543
1312 9.29543
1313 9.33125
1314 9.33125
1315 9.34508
1316 9.34508
1317 9.31422
1318 9.31422
1319 9.29535
1320 9.29535
1321 9.2468
1322 9.2468
1323 9.19578
1324 9.19578
1325 9.17992
1326 9.17992
1327 9.21309
1328 9.21309
1329 9.23773
1330 9.23773
1331 9.2402
1332 9.2402
1333 9.18723
1334 9.18723
1335 9.14547
1336 9.14547
1337 9.0723
1338 9.0723
1339 9.03676
1340 9.03676
1341 9.02879
1342 9.02879
1343 8.97156
1344 8.97156
1345 8.93563
1346 8.93563
1347 8.92672
1348 8.92672
1349 8.93324
1350 8.93324
1351 8.94547
1352 8.94547
1353 8.96562
1354 9.02195
1355 9.01828
1356 9.01828
1357 9.0393
1358 9.0393
1359 9.07359
1360 9.07359
1361 9.1209
1362 9.1209
1363 9.16906
1364 9.16906
1365 9.19801
1366 9.19801
1367 9.21121
1368 9.21121
1369 9.20727
1370 9.20727
1371 9.22027
1372 9.22027
1373 9.20969
1374 9.20969
1375 9.19398
1376 9.19398
1377 9.2441
1378 9.2441
1379 9.23414
1380 9.23414
1381 9.23371
1382 9.23371
1383 9.2709
1384 9.2709
1385 9.2684
1386 9.2684
1387 9.25766
1388 9.25766
1389 9.2484
1390 9.2484
1391 9.21488
1392 9.21488
1393 9.19949
1394 9.19949
1395 9.19469
1396 9.19469
1397 9.18219
1398 9.18219
1399 9.16793
1400 9.16793
1401 9.14484
1402 9.14484
1403 9.14262
1404 9.14262
1405 9.15883
1406 9.15883
1407 9.12984
1408 9.12984
1409 9.10051
1410 9.10051
1411 9.06894
1412 9.06894
1413 9.04043
1414 9.04043
1415 9.03836
1416 9.03836
1417 9.01293
1418 9.01293
1419 8.99344
1420 8.99344
1421 9.05773
1422 9.05773
1423 9.09398
1424 9.09398
1425 9.16848
1426 9.18215
1427 9.16828
1428 9.16828
1429 9.18602
1430 9.20352
1431 9.19953
1432 9.22664
1433 9.37434
1434 9.37289
1435 9.38133
1436 9.38133
1437 9.39148
1438 9.39148
1439 9.39352
1440 9.39352
1441 9.37855
1442 9.37855
1443 9.39484
1444 9.39484
1445 9.41719
1446 9.41719
1447 9.45082
1448 9.45797
1449 9.49152
1450 9.49152
1451 9.51801
1452 9.51801
1453 9.55883
1454 9.57176
1455 9.54176
1456 9.55676
1457 9.55676
1458 9.61094
1459 9.63348
1460 9.67188
1461 9.66512
1462 9.65305
1463 9.65434
1464 9.63574
1465 9.63574
1466 9.6441
1467 9.6441
1468 9.63844
1469 9.63844
1470 9.65363
1471 9.65363
1472 9.635
1473 9.635
1474 9.60582
1475 9.60582
1476 9.61445
1477 9.61445
1478 9.66687
1479 9.66687
1480 9.69172
1481 9.69172
1482 9.75523
1483 9.75523
1484 9.78117
1485 9.78117
1486 9.83055
1487 9.83055
1488 9.82281
1489 9.82281
1490 9.82234
1491 9.82234
1492 9.82832
1493 9.82832
1494 9.83328
1495 9.83328
1496 9.81219
1497 9.81219
1498 9.7841
1499 9.7841
1500 9.7841
1501 9.74141
1502 9.74141
1503 9.74141
1504 9.69973
1505 9.69973
