1 0
2 0.324492
3 0.324492
4 0.324492
5 0.44168
6 0.476445
7 0.507852
8 0.520234
9 0.520234
10 0.537695
11 0.537695
12 0.547891
13 0.547891
14 0.547891
15 0.559258
16 0.559258
17 0.574023
18 0.574023
19 0.586914
20 0.586914
21 0.611211
22 0.611211
23 0.611211
24 0.632852
25 0.632852
26 0.632852
27 0.668125
28 0.668125
29 0.668125
30 0.734961
31 0.734961
32 0.734961
33 0.824922
34 0.824922
35 0.824922
36 0.902031
37 0.902031
38 0.902031
39 1.02855
40 1.02855
41 1.02855
42 1.0709
43 1.0709
44 1.0709
45 1.12758
46 1.12758
47 1.12758
48 1.17543
49 1.17543
50 1.17543
51 1.22461
52 1.22461
53 1.22461
54 1.2857
55 1.2857
56 1.33172
57 1.33172
58 1.38785
59 1.38785
60 1.44059
61 1.44059
62 1.46867
63 1.46867
64 1.51527
65 1.51527
66 1.55828
67 1.55828
68 1.58859
69 1.58859
70 1.58859
71 1.63437
72 1.63437
73 1.66582
74 1.66582
75 1.69609
76 1.69609
77 1.73996
78 1.73996
79 1.78758
80 1.78758
81 1.82668
82 1.82668
83 1.86586
84 1.86586
85 1.90699
86 1.90699
87 1.9568
88 1.9568
89 1.99609
90 1.99609
91 2.06613
92 2.06613
93 2.10566
94 2.10566
95 2.15594
96 2.15594
97 2.19703
98 2.19703
99 2.24309
100 2.24309
101 2.29516
102 2.29516
103 2.335
104 2.335
105 2.40508
106 2.40508
107 2.48184
108 2.48184
109 2.48184
110 2.53762
111 2.53762
112 2.60887
113 2.60887
114 2.65168
115 2.65168
116 2.68754
117 2.68754
118 2.72727
119 2.72727
120 2.72727
121 2.76977
122 2.76977
123 2.82266
124 2.82266
125 2.8607
126 2.8607
127 2.90223
128 2.90223
129 2.95691
130 2.95691
131 3.0225
132 3.0225
133 3.09785
134 3.09785
135 3.15918
136 3.15918
137 3.21129
138 3.21129
139 3.28078
140 3.28078
141 3.31977
142 3.31977
143 3.37176
144 3.37176
145 3.40746
146 3.40746
147 3.40746
148 3.45848
149 3.45848
150 3.45848
151 3.51527
152 3.51527
153 3.57641
154 3.57641
155 3.57641
156 3.62719
157 3.62719
158 3.68113
159 3.68113
160 3.68113
161 3.74648
162 3.74648
163 3.74648
164 3.84352
165 3.84352
166 3.90562
167 3.90562
168 3.96477
169 3.96477
170 4.03195
171 4.03195
172 4.11168
173 4.11168
174 4.19828
175 4.19828
176 4.27406
177 4.27406
178 4.37215
179 4.37215
180 4.48016
181 4.48016
182 4.61012
183 4.61012
184 4.70895
185 4.70895
186 4.79922
187 4.79922
188 4.9227
189 4.99566
190 4.99566
191 5.0782
192 5.0782
193 5.14559
194 5.14559
195 5.25359
196 5.25359
197 5.33832
198 5.33832
199 5.44672
200 5.44672
201 5.55746
202 5.55746
203 5.67336
204 5.67336
205 5.74586
206 5.74586
207 5.80434
208 5.80434
209 5.8768
210 5.9332
211 5.9332
212 6.00926
213 6.00926
214 6.08789
215 6.08789
216 6.17355
217 6.17355
218 6.25227
219 6.25227
220 6.32367
221 6.32367
222 6.3957
223 6.3957
224 6.47535
225 6.47535
226 6.53988
227 6.53988
228 6.61215
229 6.66695
230 6.66695
231 6.73273
232 6.73273
233 6.79473
234 6.85344
235 6.90719
236 6.90719
237 6.98234
238 7.02973
239 7.02973
240 7.08895
241 7.13391
242 7.17414
243 7.21578
244 7.25742
245 7.30223
246 7.35797
247 7.42941
248 7.47434
249 7.52555
250 7.56508
251 7.60504
252 7.63773
253 7.67687
254 7.71637
255 7.75102
256 7.79254
257 7.83082
258 7.88012
259 7.92199
260 7.96609
261 8.01188
262 8.07953
263 8.13168
264 8.19508
265 8.25102
266 8.29859
267 8.35555
268 8.40273
269 8.46266
270 8.52566
271 8.58742
272 8.6423
273 8.67895
274 8.72973
275 8.76129
276 8.79215
277 8.81859
278 8.84738
279 8.8782
280 8.92102
281 8.95953
282 8.99848
283 9.0368
284 9.05766
285 9.08117
286 9.1118
287 9.1118
288 9.15656
289 9.15656
290 9.21227
291 9.24945
292 9.24945
293 9.32566
294 9.37172
295 9.37172
296 9.44016
297 9.44016
298 9.51852
299 9.51852
300 9.63102
301 9.63102
302 9.72387
303 9.72387
304 9.81258
305 9.81258
306 9.88711
307 9.88711
308 9.93555
309 9.93555
310 9.99281
311 9.99281
312 10.0475
313 10.0475
314 10.095
315 10.095
316 10.146
317 10.146
318 10.146
319 10.2151
320 10.2151
1 0
2 0.324492
3 0.324492
4 0.324492
5 0.44082
6 0.475586
7 0.5075
8 0.519844
9 0.519844
10 0.536914
11 0.536914
12 0.547617
13 0.547617
14 0.557969
15 0.557969
16 0.569375
17 0.569375
18 0.569375
19 0.585664
20 0.585664
21 0.611992
22 0.611992
23 0.611992
24 0.63418
25 0.63418
26 0.63418
27 0.669102
28 0.669102
29 0.669102
30 0.734961
31 0.734961
32 0.734961
33 0.825352
34 0.825352
35 0.825352
36 0.902266
37 0.902266
38 0.902266
39 1.02871
40 1.02871
41 1.02871
42 1.07117
43 1.07117
44 1.07117
45 1.1277
46 1.1277
47 1.1277
48 1.17555
49 1.17555
50 1.17555
51 1.22547
52 1.22547
53 1.22547
54 1.28699
55 1.28699
